t # 0
v 0 2
v 1 2
v 2 2
v 3 3
v 4 2
v 5 2
v 6 2
v 7 3
v 8 2
v 9 5
v 10 2
v 11 5
v 12 2
v 13 2
v 14 2
v 15 2
v 16 2
v 17 2
v 18 2
v 19 2
v 20 3
v 21 2
v 22 3
v 23 5
v 24 2
e 0 1 2
e 1 2 2
e 1 3 2
e 3 5 2
e 4 6 2
e 5 7 3
e 5 8 2
e 6 9 2
e 8 10 2
e 8 11 2
e 9 12 2
e 9 13 2
e 10 14 2
e 10 15 2
e 11 16 2
e 11 17 2
e 12 18 2
e 13 19 2
e 17 20 3
e 17 21 2
e 18 22 3
e 18 23 2
e 21 23 2
e 23 24 2
t # 1
v 0 3
v 1 2
v 2 5
v 3 2
v 4 2
v 5 2
v 6 2
v 7 2
v 8 2
v 9 2
v 10 2
v 11 3
v 12 2
v 13 2
v 14 2
v 15 2
v 16 2
v 17 2
v 18 5
v 19 2
v 20 3
v 21 2
e 0 1 3
e 1 2 2
e 1 3 2
e 2 4 2
e 2 5 2
e 3 6 2
e 4 7 2
e 4 8 2
e 5 9 5
e 5 10 5
e 6 11 2
e 6 8 2
e 7 12 2
e 7 13 2
e 7 9 2
e 8 14 2
e 9 15 5
e 10 16 5
e 11 17 2
e 12 18 2
e 13 19 2
e 16 20 2
e 18 19 2
e 20 21 2
t # 2
v 0 3
v 1 2
v 2 5
v 3 2
v 4 2
v 5 2
v 6 2
v 7 2
v 8 2
v 9 2
v 10 2
v 11 3
v 12 2
v 13 2
v 14 2
v 15 2
v 16 2
v 17 2
v 18 2
v 19 2
v 20 5
v 21 2
e 0 1 3
e 1 2 2
e 1 3 2
e 2 4 2
e 2 5 2
e 3 6 2
e 4 7 2
e 4 8 2
e 5 9 5
e 5 10 5
e 6 11 2
e 6 8 2
e 7 12 2
e 7 13 2
e 7 9 2
e 8 14 2
e 10 15 5
e 11 16 2
e 12 17 2
e 14 18 2
e 14 17 2
e 17 20 2
e 18 21 2
e 18 19 3
t # 3
v 0 2
v 1 2
v 2 2
v 3 2
v 4 2
v 5 2
v 6 2
v 7 2
v 8 2
v 9 2
v 10 6
v 11 2
v 12 2
v 13 2
v 14 2
v 15 2
v 16 3
v 17 2
v 18 2
v 19 5
v 20 5
v 21 2
v 22 2
v 23 2
e 0 1 2
e 0 2 2
e 0 3 3
e 1 4 5
e 1 5 5
e 2 6 5
e 2 7 5
e 3 8 2
e 3 9 2
e 4 10 2
e 4 11 5
e 6 12 5
e 8 14 3
e 9 15 3
e 10 16 3
e 12 17 5
e 13 17 5
e 14 18 2
e 15 18 2
e 17 19 2
e 18 20 3
e 19 21 2
e 19 22 2
e 20 23 2
t # 4
v 0 2
v 1 2
v 2 2
v 3 2
v 4 2
v 5 6
v 6 2
v 7 2
v 8 3
v 9 2
v 10 5
v 11 5
v 12 2
v 13 2
v 14 2
v 15 2
v 16 2
v 17 2
v 18 2
v 19 2
v 20 2
v 21 5
v 22 2
e 0 1 3
e 1 2 2
e 2 3 5
e 3 5 2
e 3 6 5
e 4 7 5
e 5 8 3
e 6 9 5
e 7 9 5
e 9 10 2
e 10 11 3
e 11 12 2
e 12 13 5
e 12 14 5
e 13 15 5
e 13 16 5
e 14 17 5
e 15 18 5
e 15 19 5
e 16 20 5
e 17 18 5
e 18 21 2
e 19 22 5
e 20 22 5
t # 5
v 0 2
v 1 2
v 2 2
v 3 2
v 4 2
v 5 2
v 6 2
v 7 2
v 8 2
v 9 2
v 10 2
v 11 2
v 12 2
v 13 2
v 14 2
v 15 2
v 16 2
v 17 2
v 18 5
v 19 6
v 20 3
v 21 3
v 22 3
e 0 1 2
e 0 2 3
e 0 3 2
e 1 4 5
e 1 5 5
e 2 6 2
e 2 7 2
e 3 8 5
e 3 9 5
e 4 10 5
e 5 11 5
e 6 12 3
e 7 13 3
e 8 14 5
e 9 15 5
e 12 16 2
e 13 16 2
e 14 17 5
e 15 17 5
e 16 18 3
e 17 19 2
e 19 20 3
e 19 21 3
e 19 22 2
t # 6
v 0 2
v 1 2
v 2 2
v 3 2
v 4 2
v 5 2
v 6 2
v 7 2
v 8 2
v 9 2
v 10 2
v 11 3
v 12 2
v 13 2
v 14 2
v 15 2
v 16 2
v 17 2
v 18 5
v 19 5
v 20 2
v 21 2
e 0 1 5
e 1 2 5
e 1 3 5
e 2 4 5
e 2 5 5
e 3 6 5
e 4 7 5
e 4 8 5
e 5 9 5
e 5 10 5
e 7 11 5
e 7 12 5
e 8 13 5
e 9 14 5
e 9 11 5
e 10 15 5
e 12 16 5
e 13 16 5
e 14 17 5
e 15 17 5
e 16 18 2
e 17 19 2
e 18 20 2
e 20 21 2
t # 7
v 0 2
v 1 2
v 2 2
v 3 2
v 4 2
v 5 2
v 6 2
v 7 2
v 8 3
v 9 2
v 10 2
v 11 2
v 12 2
v 13 3
v 14 2
v 15 2
v 16 2
v 17 2
v 18 2
v 19 3
v 20 2
v 21 2
v 22 2
e 0 1 2
e 0 2 2
e 0 3 2
e 3 4 5
e 3 5 5
e 4 6 5
e 4 7 5
e 5 8 2
e 5 9 5
e 6 10 5
e 6 11 5
e 7 12 5
e 9 10 5
e 11 13 2
e 11 14 5
e 12 15 2
e 12 14 5
e 14 16 5
e 16 17 5
e 16 18 5
e 17 19 2
e 17 20 5
e 20 21 5
e 20 22 5
t # 8
v 0 2
v 1 2
v 2 2
v 3 2
v 4 2
v 5 2
v 6 2
v 7 2
v 8 3
v 9 2
v 10 2
v 11 2
v 12 2
v 13 2
v 14 2
v 15 2
v 16 2
v 17 2
v 18 2
v 19 5
v 20 3
v 21 2
v 22 3
v 23 2
e 0 1 5
e 1 2 5
e 2 4 5
e 3 4 5
e 4 5 5
e 5 6 5
e 5 7 5
e 6 8 2
e 6 9 5
e 7 10 2
e 9 12 5
e 9 13 5
e 11 12 5
e 12 14 5
e 13 15 2
e 13 16 5
e 14 17 2
e 14 18 5
e 15 19 3
e 16 20 2
e 16 18 5
e 17 21 2
e 18 22 2
e 19 23 2
t # 9
v 0 2
v 1 5
v 2 2
v 3 2
v 4 2
v 5 2
v 6 2
v 7 2
v 8 3
v 9 2
v 10 2
v 11 2
v 12 3
v 13 2
v 14 3
v 15 2
v 16 2
v 17 2
v 18 2
v 19 2
v 20 2
v 21 2
v 22 2
v 23 2
v 24 2
e 0 1 3
e 0 2 2
e 1 3 2
e 2 4 5
e 2 5 5
e 4 7 5
e 5 8 2
e 5 9 5
e 6 10 5
e 6 11 5
e 7 12 2
e 7 13 5
e 9 14 2
e 9 10 5
e 10 15 2
e 11 16 5
e 13 17 5
e 15 18 2
e 17 19 5
e 17 20 5
e 18 21 2
e 19 22 5
e 20 23 5
e 22 24 5
t # 10
v 0 2
v 1 2
v 2 2
v 3 2
v 4 3
v 5 2
v 6 2
v 7 2
v 8 2
v 9 2
v 10 2
v 11 2
v 12 2
v 13 5
v 14 3
v 15 3
v 16 2
v 17 2
v 18 2
v 19 2
v 20 2
v 21 2
v 22 2
v 23 2
e 0 1 5
e 1 3 5
e 2 4 2
e 2 5 5
e 3 6 5
e 5 7 5
e 5 8 5
e 6 7 5
e 7 9 5
e 8 10 2
e 8 11 5
e 9 12 5
e 10 13 3
e 11 14 2
e 11 12 5
e 12 15 2
e 13 16 2
e 16 17 2
e 17 18 2
e 18 19 2
e 19 20 2
e 20 21 2
e 21 22 2
e 22 23 2
t # 11
v 0 4
v 1 5
v 2 5
v 3 5
v 4 5
v 5 2
v 6 2
v 7 2
v 8 2
v 9 2
v 10 2
v 11 5
v 12 2
v 13 2
v 14 5
v 15 2
v 16 5
v 17 2
v 18 2
v 19 2
v 20 2
v 21 2
e 0 1 2
e 0 2 2
e 0 3 2
e 0 4 2
e 1 5 5
e 1 6 5
e 2 7 5
e 2 8 5
e 3 9 5
e 5 11 5
e 6 12 5
e 7 13 5
e 7 14 5
e 8 15 5
e 8 16 5
e 9 16 5
e 10 17 5
e 10 14 5
e 13 18 5
e 13 15 5
e 15 19 5
e 18 20 5
e 19 21 5
e 20 21 5
t # 12
v 0 2
v 1 2
v 2 5
v 3 2
v 4 27
v 5 2
v 6 5
v 7 5
v 8 5
v 9 2
v 10 2
v 11 2
v 12 2
v 13 2
v 14 2
v 15 2
v 16 2
v 17 2
v 18 2
v 19 2
v 20 2
v 21 2
v 22 2
v 23 2
e 0 2 5
e 1 3 2
e 2 4 2
e 2 3 5
e 3 5 5
e 4 6 2
e 4 7 2
e 4 8 2
e 7 11 5
e 7 9 5
e 8 13 5
e 9 15 5
e 10 16 5
e 10 14 5
e 11 17 5
e 11 18 5
e 12 17 5
e 13 19 2
e 13 16 5
e 15 20 2
e 15 18 5
e 18 21 2
e 19 22 2
e 20 23 3
t # 13
v 0 2
v 1 2
v 2 5
v 3 2
v 4 4
v 5 2
v 6 2
v 7 5
v 8 5
v 9 5
v 10 2
v 11 2
v 12 2
v 13 2
v 14 2
v 15 2
v 16 2
v 17 2
v 18 2
v 19 2
v 20 2
v 21 2
v 22 3
e 0 1 2
e 1 2 5
e 1 3 5
e 2 4 2
e 2 5 5
e 3 6 5
e 4 7 2
e 4 8 2
e 4 9 2
e 5 10 2
e 5 6 5
e 6 11 2
e 8 12 2
e 9 13 2
e 10 13 3
e 12 15 2
e 13 16 2
e 14 17 2
e 14 18 2
e 15 19 2
e 16 20 2
e 16 18 3
e 18 21 2
e 21 22 2
t # 14
v 0 2
v 1 2
v 2 5
v 3 2
v 4 2
v 5 4
v 6 2
v 7 5
v 8 5
v 9 2
v 10 2
v 11 2
v 12 2
v 13 2
v 14 2
v 15 2
v 16 2
v 17 2
v 18 2
v 19 2
v 20 2
v 21 2
e 0 1 5
e 1 3 2
e 1 4 5
e 2 5 2
e 2 4 5
e 4 6 5
e 5 7 2
e 5 8 2
e 6 9 5
e 7 10 5
e 7 9 5
e 8 11 5
e 8 12 5
e 9 13 2
e 10 15 5
e 10 16 2
e 11 17 5
e 11 15 5
e 12 14 5
e 13 18 2
e 13 16 3
e 16 19 2
e 17 20 2
e 20 21 2
t # 15
v 0 2
v 1 2
v 2 2
v 3 2
v 4 2
v 5 2
v 6 2
v 7 2
v 8 3
v 9 2
v 10 2
v 11 2
v 12 2
v 13 3
v 14 3
v 15 2
v 16 3
v 17 2
v 18 3
v 19 2
v 20 2
v 21 3
e 0 1 2
e 0 2 2
e 1 3 5
e 1 4 5
e 2 5 2
e 3 6 2
e 3 7 5
e 4 8 2
e 4 9 5
e 5 6 2
e 6 10 2
e 7 11 5
e 9 12 2
e 9 11 5
e 10 13 2
e 10 14 3
e 11 15 2
e 12 16 3
e 12 17 2
e 15 18 3
e 15 19 2
e 17 20 5
e 17 19 5
e 20 21 2
t # 16
v 0 2
v 1 2
v 2 2
v 3 2
v 4 2
v 5 2
v 6 2
v 7 2
v 8 2
v 9 3
v 10 2
v 11 3
v 12 3
v 13 2
v 14 2
v 15 2
v 16 2
v 17 2
v 18 3
v 19 2
v 20 3
v 21 2
v 22 2
v 23 3
e 0 1 2
e 0 2 5
e 1 4 3
e 2 6 5
e 2 7 2
e 3 6 5
e 4 8 2
e 4 9 2
e 5 10 3
e 5 11 2
e 6 12 2
e 7 10 2
e 8 13 2
e 8 14 3
e 9 15 2
e 11 15 2
e 14 16 2
e 16 17 2
e 16 18 2
e 16 19 2
e 19 20 2
e 19 21 2
e 21 22 2
e 22 23 2
t # 17
v 0 2
v 1 5
v 2 2
v 3 16
v 4 2
v 5 2
v 6 5
v 7 5
v 8 5
v 9 2
v 10 2
v 11 2
v 12 2
v 13 2
v 14 2
v 15 2
v 16 2
v 17 2
v 18 2
v 19 2
v 20 2
v 21 2
v 22 2
v 23 2
v 24 3
e 0 2 5
e 1 3 2
e 1 2 5
e 2 5 5
e 3 6 2
e 4 6 5
e 5 10 5
e 6 11 5
e 7 12 5
e 7 10 5
e 8 14 5
e 9 15 2
e 9 16 3
e 11 17 5
e 11 16 2
e 13 19 5
e 13 18 5
e 14 20 5
e 14 17 5
e 16 21 2
e 19 22 2
e 19 20 5
e 20 23 2
e 22 24 3
t # 18
v 0 2
v 1 2
v 2 2
v 3 2
v 4 2
v 5 2
v 6 3
v 7 3
v 8 5
v 9 2
v 10 2
v 11 2
v 12 2
v 13 2
v 14 5
v 15 5
v 16 2
v 17 2
v 18 2
v 19 2
v 20 2
v 21 2
v 22 2
v 23 2
e 0 1 2
e 0 2 2
e 1 3 2
e 2 4 5
e 2 5 5
e 3 6 3
e 3 7 2
e 4 8 5
e 4 9 5
e 5 10 2
e 5 11 5
e 8 11 5
e 9 12 5
e 11 13 5
e 12 16 2
e 12 14 5
e 13 17 5
e 14 18 5
e 15 19 5
e 15 17 5
e 17 21 2
e 18 22 5
e 19 23 5
e 20 22 5
t # 19
v 0 5
v 1 2
v 2 2
v 3 2
v 4 2
v 5 2
v 6 6
v 7 2
v 8 3
v 9 3
v 10 2
v 11 2
v 12 2
v 13 2
v 14 2
v 15 6
v 16 2
v 17 2
v 18 3
v 19 3
v 20 3
v 21 2
v 22 5
v 23 5
e 0 1 2
e 1 3 5
e 2 4 5
e 3 5 5
e 4 6 2
e 4 7 5
e 5 7 5
e 6 8 3
e 6 9 2
e 7 10 2
e 10 11 3
e 11 12 2
e 12 13 5
e 12 14 5
e 13 15 2
e 13 16 5
e 14 17 5
e 15 18 3
e 15 19 3
e 15 20 2
e 16 21 5
e 17 21 5
e 21 22 2
e 22 23 3
t # 20
v 0 2
v 1 2
v 2 2
v 3 2
v 4 2
v 5 2
v 6 2
v 7 2
v 8 2
v 9 2
v 10 2
v 11 2
v 12 2
v 13 5
v 14 2
v 15 3
v 16 5
v 17 2
v 18 2
v 19 2
v 20 2
v 21 5
v 22 2
e 0 2 5
e 1 3 5
e 2 4 5
e 3 5 5
e 4 5 5
e 5 6 2
e 6 7 2
e 7 8 5
e 7 9 5
e 8 10 5
e 9 11 5
e 10 12 5
e 11 12 5
e 12 13 2
e 13 14 2
e 14 15 3
e 14 16 2
e 16 17 2
e 16 18 2
e 17 19 2
e 18 20 2
e 19 21 2
e 20 21 2
e 21 22 2
t # 21
v 0 27
v 1 5
v 2 5
v 3 5
v 4 2
v 5 2
v 6 2
v 7 2
v 8 2
v 9 2
v 10 2
v 11 2
v 12 2
v 13 2
v 14 2
v 15 2
v 16 2
v 17 2
v 18 2
v 19 2
v 20 2
v 21 2
v 22 3
e 0 1 2
e 0 3 2
e 1 4 5
e 1 5 5
e 2 6 5
e 2 7 5
e 3 8 5
e 3 9 5
e 5 12 5
e 5 13 2
e 6 10 5
e 7 15 5
e 7 16 2
e 8 17 5
e 8 15 5
e 9 18 5
e 9 12 5
e 11 13 3
e 14 16 3
e 16 19 2
e 17 20 2
e 17 18 5
e 18 21 2
e 20 22 2
t # 22
v 0 2
v 1 2
v 2 3
v 3 2
v 4 2
v 5 2
v 6 2
v 7 5
v 8 2
v 9 2
v 10 2
v 11 2
v 12 2
v 13 2
v 14 2
v 15 2
v 16 3
v 17 2
v 18 2
v 19 3
v 20 2
v 21 2
v 22 2
v 23 2
e 0 1 5
e 0 2 2
e 1 4 2
e 1 5 5
e 3 5 5
e 4 6 2
e 4 7 2
e 6 8 2
e 7 9 2
e 7 10 2
e 7 11 2
e 8 12 5
e 8 13 5
e 12 14 5
e 13 15 5
e 14 16 2
e 14 17 5
e 15 17 5
e 16 18 2
e 17 19 2
e 18 20 5
e 18 21 5
e 19 22 2
e 21 23 5
t # 23
v 0 5
v 1 2
v 2 5
v 3 2
v 4 2
v 5 2
v 6 2
v 7 2
v 8 2
v 9 5
v 10 2
v 11 2
v 12 2
v 13 3
v 14 5
v 15 2
v 16 2
v 17 2
v 18 2
v 19 2
v 20 2
v 21 3
v 22 2
e 0 1 2
e 1 2 2
e 2 3 2
e 2 4 2
e 3 6 2
e 4 7 2
e 5 8 5
e 6 9 2
e 7 9 2
e 8 10 5
e 9 11 2
e 10 12 5
e 11 13 3
e 11 14 2
e 12 15 5
e 14 16 2
e 15 17 5
e 15 18 5
e 16 19 5
e 16 20 5
e 17 19 5
e 18 20 5
e 19 21 2
e 21 22 2
t # 24
v 0 2
v 1 2
v 2 2
v 3 2
v 4 2
v 5 2
v 6 2
v 7 2
v 8 3
v 9 2
v 10 2
v 11 2
v 12 2
v 13 2
v 14 3
v 15 2
v 16 2
v 17 5
v 18 2
v 19 2
v 20 2
v 21 2
v 22 2
e 0 1 2
e 0 2 2
e 0 3 2
e 3 4 5
e 3 5 5
e 4 6 5
e 4 7 5
e 5 8 2
e 5 9 5
e 6 10 5
e 6 11 5
e 7 12 5
e 9 10 5
e 10 13 2
e 11 14 2
e 11 15 5
e 12 16 2
e 12 15 5
e 13 17 3
e 15 18 5
e 17 19 2
e 18 20 5
e 19 21 2
e 21 22 2
t # 25
v 0 2
v 1 2
v 2 2
v 3 2
v 4 2
v 5 2
v 6 2
v 7 2
v 8 3
v 9 2
v 10 2
v 11 5
v 12 2
v 13 2
v 14 2
v 15 3
v 16 2
v 17 2
v 18 2
v 19 2
v 20 2
v 21 2
v 22 2
e 0 1 5
e 0 2 5
e 1 4 5
e 1 5 5
e 2 6 5
e 3 4 5
e 4 7 2
e 5 8 2
e 5 9 5
e 6 10 2
e 6 9 5
e 7 11 3
e 9 12 5
e 12 13 5
e 12 14 5
e 13 15 2
e 13 16 5
e 14 17 2
e 14 18 5
e 16 19 5
e 16 20 5
e 18 19 5
e 19 21 5
e 21 22 5
t # 26
v 0 2
v 1 2
v 2 2
v 3 2
v 4 2
v 5 2
v 6 2
v 7 2
v 8 3
v 9 2
v 10 2
v 11 2
v 12 2
v 13 3
v 14 2
v 15 3
v 16 2
v 17 2
v 18 5
v 19 2
v 20 2
v 21 2
v 22 2
e 0 1 2
e 0 2 2
e 0 3 2
e 3 4 5
e 3 5 5
e 4 6 5
e 4 7 5
e 5 8 2
e 5 9 5
e 6 10 5
e 6 11 5
e 7 12 5
e 9 13 2
e 9 10 5
e 10 14 2
e 11 15 2
e 11 16 5
e 12 17 2
e 12 16 5
e 14 18 3
e 16 19 5
e 18 20 2
e 19 21 5
e 21 22 5
t # 27
v 0 2
v 1 2
v 2 2
v 3 2
v 4 2
v 5 2
v 6 2
v 7 3
v 8 2
v 9 2
v 10 2
v 11 2
v 12 3
v 13 2
v 14 2
v 15 2
v 16 2
v 17 2
v 18 2
v 19 2
v 20 2
v 21 5
v 22 3
v 23 2
v 24 2
e 0 2 5
e 1 4 5
e 1 5 5
e 2 6 5
e 3 4 5
e 5 7 2
e 5 8 5
e 6 9 2
e 6 8 5
e 8 10 5
e 10 11 5
e 11 12 2
e 11 13 5
e 13 15 5
e 13 16 5
e 14 15 5
e 15 17 5
e 16 18 2
e 16 19 5
e 18 21 3
e 19 22 2
e 19 20 5
e 21 23 2
e 23 24 5
t # 28
v 0 2
v 1 5
v 2 2
v 3 2
v 4 2
v 5 2
v 6 2
v 7 2
v 8 2
v 9 3
v 10 2
v 11 2
v 12 2
v 13 3
v 14 2
v 15 2
v 16 2
v 17 2
v 18 2
v 19 2
v 20 2
v 21 2
v 22 2
e 0 1 3
e 0 2 2
e 1 3 2
e 2 4 5
e 2 5 5
e 3 6 2
e 4 7 5
e 4 8 5
e 5 9 2
e 5 10 5
e 7 11 5
e 7 12 5
e 8 13 2
e 8 14 5
e 10 11 5
e 11 15 2
e 12 16 5
e 14 17 5
e 14 16 5
e 15 18 2
e 15 19 2
e 16 20 2
e 17 21 5
e 21 22 5
t # 29
v 0 3
v 1 2
v 2 2
v 3 2
v 4 2
v 5 2
v 6 2
v 7 2
v 8 3
v 9 2
v 10 2
v 11 5
v 12 2
v 13 2
v 14 2
v 15 2
v 16 2
v 17 2
v 18 3
v 19 2
v 20 5
v 21 2
v 22 3
v 23 2
e 0 1 2
e 1 2 2
e 1 3 2
e 1 4 2
e 2 5 2
e 2 6 2
e 3 7 3
e 4 8 3
e 5 10 2
e 6 11 2
e 6 12 2
e 7 10 2
e 9 14 2
e 9 12 3
e 10 15 2
e 11 16 2
e 11 17 2
e 12 18 2
e 13 19 2
e 14 20 2
e 15 21 2
e 15 22 2
e 15 23 2
e 19 23 5
t # 30
v 0 2
v 1 2
v 2 2
v 3 3
v 4 2
v 5 2
v 6 2
v 7 3
v 8 5
v 9 3
v 10 2
v 11 5
v 12 2
v 13 2
v 14 2
v 15 2
v 16 2
v 17 2
v 18 3
v 19 3
v 20 2
v 21 2
v 22 3
v 23 3
e 0 2 2
e 1 3 3
e 1 4 2
e 2 5 2
e 4 6 2
e 4 5 3
e 5 7 2
e 6 8 2
e 6 9 3
e 8 10 2
e 10 11 2
e 11 12 2
e 12 13 5
e 12 14 5
e 13 15 2
e 13 16 5
e 14 17 5
e 15 18 3
e 15 19 2
e 16 20 2
e 16 21 5
e 17 21 5
e 20 22 3
e 20 23 2
t # 31
v 0 3
v 1 2
v 2 2
v 3 2
v 4 2
v 5 3
v 6 2
v 7 3
v 8 2
v 9 5
v 10 2
v 11 2
v 12 5
v 13 2
v 14 3
v 15 2
v 16 2
v 17 2
v 18 2
v 19 3
v 20 5
v 21 5
v 22 2
v 23 2
e 0 1 2
e 0 2 2
e 1 3 2
e 1 4 2
e 2 5 2
e 2 6 2
e 3 7 2
e 3 8 2
e 4 9 2
e 4 10 2
e 5 11 2
e 6 12 2
e 7 13 2
e 8 14 2
e 8 15 2
e 10 15 2
e 11 16 2
e 11 17 2
e 13 18 2
e 13 19 2
e 15 20 2
e 16 21 2
e 19 22 2
e 22 23 2
t # 32
v 0 2
v 1 2
v 2 2
v 3 2
v 4 2
v 5 2
v 6 2
v 7 5
v 8 3
v 9 2
v 10 2
v 11 2
v 12 2
v 13 2
v 14 2
v 15 2
v 16 2
v 17 2
v 18 5
v 19 2
v 20 2
v 21 3
v 22 2
e 0 1 2
e 0 2 2
e 2 3 2
e 2 4 2
e 2 5 2
e 3 6 2
e 3 7 2
e 4 8 2
e 4 9 2
e 5 10 3
e 6 11 2
e 6 12 2
e 6 13 2
e 7 14 2
e 7 15 2
e 8 16 2
e 9 17 2
e 10 15 2
e 11 18 2
e 12 19 5
e 12 20 5
e 13 14 2
e 16 21 3
e 19 22 5
t # 33
v 0 2
v 1 3
v 2 3
v 3 2
v 4 2
v 5 5
v 6 2
v 7 2
v 8 2
v 9 2
v 10 3
v 11 2
v 12 2
v 13 3
v 14 2
v 15 2
v 16 2
v 17 3
v 18 2
v 19 2
v 20 3
v 21 2
v 22 2
v 23 3
e 0 2 2
e 0 3 2
e 1 4 2
e 3 5 2
e 3 6 2
e 4 7 2
e 4 6 2
e 5 8 2
e 5 9 2
e 6 10 2
e 10 11 2
e 11 12 2
e 11 13 2
e 12 14 2
e 13 15 2
e 14 16 2
e 14 17 2
e 14 18 2
e 15 19 2
e 15 18 2
e 18 20 2
e 20 21 2
e 21 22 2
e 21 23 3
t # 34
v 0 2
v 1 2
v 2 2
v 3 2
v 4 3
v 5 2
v 6 2
v 7 2
v 8 2
v 9 3
v 10 2
v 11 3
v 12 2
v 13 5
v 14 2
v 15 2
v 16 2
v 17 2
v 18 2
v 19 2
v 20 2
v 21 23
v 22 23
v 23 23
e 0 2 5
e 1 4 2
e 1 5 5
e 2 6 5
e 2 7 5
e 3 8 5
e 5 9 2
e 5 6 5
e 6 10 2
e 7 11 2
e 7 12 5
e 8 12 5
e 10 13 3
e 13 14 2
e 14 15 5
e 14 16 5
e 15 17 5
e 16 18 5
e 17 19 2
e 17 20 5
e 18 20 5
e 19 21 2
e 19 22 2
e 19 23 2
t # 35
v 0 2
v 1 2
v 2 5
v 3 2
v 4 2
v 5 2
v 6 3
v 7 2
v 8 3
v 9 5
v 10 2
v 11 2
v 12 6
v 13 3
v 14 3
v 15 6
v 16 2
v 17 2
v 18 2
v 19 2
v 20 2
v 21 2
v 22 2
v 23 2
e 0 1 2
e 0 2 2
e 0 3 2
e 1 4 2
e 2 5 2
e 3 6 3
e 5 7 2
e 5 8 3
e 7 9 2
e 7 10 2
e 9 11 2
e 10 12 2
e 11 13 2
e 11 14 3
e 12 15 2
e 13 16 2
e 15 17 2
e 16 18 2
e 18 19 5
e 18 20 5
e 19 21 5
e 20 22 5
e 21 23 5
e 22 23 5
t # 36
v 0 2
v 1 2
v 2 5
v 3 2
v 4 2
v 5 2
v 6 2
v 7 3
v 8 2
v 9 2
v 10 2
v 11 2
v 12 3
v 13 2
v 14 2
v 15 3
v 16 3
v 17 5
v 18 2
v 19 2
v 20 2
v 21 2
v 22 3
e 0 1 2
e 0 2 2
e 1 3 5
e 1 4 5
e 2 5 2
e 2 6 2
e 3 7 2
e 3 8 5
e 4 9 5
e 6 11 2
e 8 12 2
e 8 13 5
e 9 14 2
e 9 13 5
e 10 15 2
e 11 15 2
e 13 16 2
e 14 17 2
e 17 18 2
e 17 19 2
e 18 20 2
e 19 21 2
e 20 22 2
e 21 22 2
t # 37
v 0 5
v 1 2
v 2 7
v 3 5
v 4 5
v 5 5
v 6 7
v 7 7
v 8 5
v 9 5
v 10 5
v 11 5
v 12 5
v 13 5
v 14 2
v 15 7
v 16 2
v 17 2
v 18 2
v 19 5
v 20 5
v 21 2
v 22 2
v 23 2
e 0 1 2
e 0 2 2
e 2 3 2
e 2 4 3
e 2 5 2
e 4 6 2
e 5 7 3
e 6 8 2
e 6 9 2
e 6 10 3
e 7 11 2
e 7 12 2
e 7 13 2
e 9 14 2
e 10 15 2
e 11 16 2
e 12 17 2
e 13 15 3
e 14 18 2
e 15 19 2
e 15 20 2
e 17 21 2
e 19 22 2
e 22 23 2
t # 38
v 0 5
v 1 7
v 2 5
v 3 5
v 4 5
v 5 5
v 6 2
v 7 7
v 8 2
v 9 2
v 10 5
v 11 5
v 12 2
v 13 2
v 14 2
v 15 2
v 16 2
v 17 2
v 18 2
v 19 2
v 20 2
v 21 2
v 22 2
v 23 2
e 0 1 2
e 1 2 2
e 1 3 2
e 1 4 3
e 3 6 2
e 4 7 2
e 5 7 3
e 6 8 5
e 6 9 5
e 7 10 2
e 7 11 2
e 8 12 5
e 9 13 5
e 10 14 2
e 11 15 2
e 12 16 2
e 14 17 5
e 14 18 5
e 15 19 5
e 17 20 5
e 18 21 5
e 20 22 2
e 20 23 5
e 21 23 5
t # 39
v 0 2
v 1 5
v 2 5
v 3 2
v 4 2
v 5 2
v 6 3
v 7 2
v 8 2
v 9 3
v 10 2
v 11 2
v 12 3
v 13 2
v 14 3
v 15 2
v 16 2
v 17 2
v 18 2
v 19 2
v 20 2
v 21 5
v 22 3
v 23 3
e 0 1 5
e 1 3 5
e 2 4 2
e 2 3 5
e 4 6 2
e 5 7 2
e 6 8 2
e 7 9 2
e 7 8 2
e 8 10 2
e 9 11 2
e 10 12 2
e 12 13 2
e 13 14 3
e 13 15 2
e 15 16 5
e 15 17 5
e 16 18 5
e 17 19 5
e 18 20 5
e 19 20 5
e 20 21 2
e 21 22 3
e 21 23 2
t # 40
v 0 2
v 1 2
v 2 2
v 3 5
v 4 2
v 5 2
v 6 2
v 7 2
v 8 2
v 9 5
v 10 6
v 11 5
v 12 3
v 13 3
v 14 3
v 15 2
v 16 2
v 17 2
v 18 2
v 19 2
v 20 2
v 21 5
v 22 3
v 23 3
e 0 2 5
e 1 3 2
e 1 4 5
e 2 5 5
e 2 6 5
e 4 5 5
e 6 8 5
e 7 9 2
e 7 8 5
e 8 10 2
e 9 11 3
e 10 12 3
e 10 13 3
e 10 14 2
e 11 15 2
e 15 16 5
e 15 17 5
e 16 18 5
e 17 19 5
e 18 20 5
e 19 20 5
e 20 21 2
e 21 22 3
e 21 23 2
t # 41
v 0 5
v 1 7
v 2 7
v 3 3
v 4 3
v 5 5
v 6 3
v 7 5
v 8 2
v 9 2
v 10 7
v 11 2
v 12 2
v 13 2
v 14 2
v 15 2
v 16 3
v 17 2
v 18 2
v 19 2
v 20 2
v 21 2
v 22 2
v 23 2
e 0 1 2
e 1 3 2
e 1 4 2
e 1 5 3
e 2 6 2
e 2 7 2
e 3 8 2
e 4 9 2
e 5 10 2
e 6 11 2
e 7 10 3
e 8 12 5
e 8 13 5
e 9 14 5
e 9 15 5
e 10 16 2
e 12 17 5
e 13 18 5
e 16 19 2
e 17 20 5
e 18 20 5
e 19 21 5
e 21 22 5
e 22 23 5
t # 42
v 0 2
v 1 2
v 2 5
v 3 3
v 4 2
v 5 2
v 6 2
v 7 2
v 8 2
v 9 2
v 10 5
v 11 2
v 12 5
v 13 2
v 14 2
v 15 2
v 16 2
v 17 2
v 18 2
v 19 2
v 20 2
v 21 2
v 22 2
v 23 2
e 0 1 2
e 1 2 2
e 1 3 3
e 2 4 2
e 4 5 5
e 5 7 5
e 6 8 5
e 7 9 5
e 8 9 5
e 9 10 2
e 10 11 3
e 11 12 2
e 11 13 2
e 12 14 2
e 13 15 5
e 13 16 5
e 14 17 5
e 14 18 5
e 15 19 5
e 16 20 5
e 18 21 5
e 19 22 5
e 20 22 5
e 21 23 5
t # 43
v 0 2
v 1 2
v 2 2
v 3 2
v 4 2
v 5 2
v 6 3
v 7 2
v 8 2
v 9 3
v 10 2
v 11 2
v 12 3
v 13 3
v 14 2
v 15 2
v 16 2
v 17 3
v 18 2
v 19 2
v 20 2
v 21 2
v 22 3
v 23 2
e 0 1 5
e 1 2 5
e 2 4 2
e 3 5 2
e 4 6 2
e 4 7 2
e 5 8 2
e 5 9 2
e 5 7 2
e 6 10 2
e 10 11 2
e 10 12 2
e 11 13 2
e 11 14 2
e 12 15 2
e 13 16 2
e 14 17 2
e 14 18 2
e 14 19 2
e 15 20 2
e 15 19 2
e 17 21 2
e 19 22 2
e 22 23 2
t # 44
v 0 3
v 1 2
v 2 2
v 3 2
v 4 2
v 5 2
v 6 2
v 7 2
v 8 2
v 9 3
v 10 2
v 11 3
v 12 2
v 13 2
v 14 3
v 15 2
v 16 2
v 17 2
v 18 2
v 19 3
v 20 2
v 21 2
v 22 3
v 23 2
e 0 1 3
e 1 2 2
e 1 3 2
e 3 4 5
e 3 5 5
e 4 7 5
e 4 6 2
e 6 9 3
e 7 10 5
e 7 11 5
e 8 10 5
e 11 13 5
e 12 14 3
e 12 15 5
e 13 16 2
e 13 15 5
e 16 17 2
e 16 18 2
e 16 19 2
e 18 20 2
e 18 19 2
e 20 22 2
e 21 23 2
e 21 22 2
t # 45
v 0 2
v 1 2
v 2 2
v 3 2
v 4 2
v 5 2
v 6 2
v 7 2
v 8 2
v 9 2
v 10 2
v 11 2
v 12 2
v 13 2
v 14 5
v 15 3
v 16 2
v 17 2
v 18 2
v 19 2
v 20 2
v 21 2
v 22 8
e 0 1 5
e 1 2 5
e 2 3 5
e 2 4 5
e 3 5 5
e 4 6 2
e 4 7 5
e 5 8 5
e 5 9 5
e 7 8 5
e 8 10 5
e 9 11 2
e 9 12 5
e 11 14 3
e 12 15 2
e 12 13 5
e 14 16 2
e 16 17 5
e 16 18 5
e 17 19 5
e 18 20 5
e 19 21 5
e 20 21 5
e 21 22 2
t # 46
v 0 2
v 1 2
v 2 2
v 3 2
v 4 2
v 5 3
v 6 2
v 7 2
v 8 2
v 9 2
v 10 2
v 11 2
v 12 2
v 13 2
v 14 2
v 15 2
v 16 5
v 17 3
v 18 2
v 19 3
v 20 2
v 21 2
v 22 6
e 0 2 5
e 0 1 5
e 2 3 5
e 2 4 5
e 3 5 2
e 3 6 5
e 4 7 2
e 4 8 5
e 6 9 5
e 6 10 5
e 8 9 5
e 9 11 5
e 10 12 2
e 10 13 5
e 11 14 2
e 11 15 5
e 12 16 3
e 13 17 2
e 13 15 5
e 14 18 2
e 15 19 2
e 16 20 2
e 20 21 5
e 21 22 2
t # 47
v 0 2
v 1 5
v 2 2
v 3 2
v 4 2
v 5 2
v 6 2
v 7 2
v 8 2
v 9 6
v 10 2
v 11 2
v 12 2
v 13 3
v 14 6
v 15 2
v 16 2
v 17 2
v 18 2
v 19 5
v 20 2
v 21 2
v 22 2
e 0 1 3
e 0 2 2
e 1 3 2
e 2 4 5
e 3 5 5
e 3 6 5
e 4 7 5
e 4 8 5
e 5 9 2
e 5 10 5
e 6 11 5
e 7 12 5
e 8 13 2
e 9 14 2
e 10 15 5
e 11 15 5
e 14 16 2
e 16 17 5
e 16 18 5
e 17 19 2
e 17 20 5
e 18 21 5
e 20 22 5
e 21 22 5
t # 48
v 0 2
v 1 5
v 2 2
v 3 6
v 4 21
v 5 2
v 6 2
v 7 2
v 8 2
v 9 2
v 10 2
v 11 2
v 12 2
v 13 2
v 14 2
v 15 2
v 16 2
v 17 2
v 18 2
v 19 2
v 20 2
v 21 2
v 22 2
e 0 1 2
e 1 2 2
e 2 3 2
e 3 4 2
e 4 5 2
e 4 6 2
e 4 7 2
e 5 8 5
e 5 9 5
e 6 10 5
e 6 11 5
e 7 12 5
e 7 13 5
e 8 14 5
e 9 15 5
e 10 16 5
e 11 17 5
e 12 18 5
e 13 19 5
e 14 20 5
e 15 20 5
e 16 21 5
e 17 21 5
e 18 22 5
t # 49
v 0 7
v 1 2
v 2 2
v 3 2
v 4 2
v 5 2
v 6 2
v 7 2
v 8 2
v 9 2
v 10 2
v 11 2
v 12 2
v 13 2
v 14 2
v 15 2
v 16 2
v 17 2
v 18 2
v 19 2
v 20 2
v 21 2
v 22 2
e 0 1 2
e 0 2 2
e 0 3 2
e 0 4 2
e 1 5 2
e 2 6 5
e 2 7 5
e 3 8 5
e 3 9 5
e 4 10 5
e 4 11 5
e 5 12 5
e 5 13 5
e 6 14 5
e 10 15 5
e 11 16 5
e 12 17 2
e 12 18 5
e 13 19 5
e 14 20 5
e 15 21 5
e 16 21 5
e 18 22 5
e 19 22 5
t # 50
v 0 5
v 1 5
v 2 2
v 3 2
v 4 2
v 5 5
v 6 2
v 7 5
v 8 2
v 9 5
v 10 2
v 11 2
v 12 5
v 13 2
v 14 2
v 15 2
v 16 2
v 17 2
v 18 2
v 19 6
v 20 2
v 21 2
v 22 2
e 0 1 3
e 0 2 2
e 2 3 5
e 2 4 5
e 3 5 2
e 3 6 5
e 4 7 2
e 4 8 5
e 6 9 2
e 6 10 5
e 8 11 2
e 8 10 5
e 9 12 3
e 12 13 2
e 13 14 5
e 13 15 5
e 14 16 5
e 15 17 5
e 16 18 5
e 17 18 5
e 18 19 2
e 19 20 2
e 20 21 5
e 20 22 5
t # 51
v 0 2
v 1 2
v 2 2
v 3 2
v 4 2
v 5 2
v 6 2
v 7 2
v 8 5
v 9 3
v 10 2
v 11 2
v 12 2
v 13 2
v 14 2
v 15 2
v 16 2
v 17 5
v 18 5
v 19 2
v 20 2
v 21 2
v 22 2
e 0 1 2
e 1 2 5
e 1 3 5
e 2 4 5
e 3 5 5
e 4 6 5
e 5 6 5
e 6 7 2
e 7 8 2
e 7 9 3
e 8 10 2
e 10 11 5
e 10 12 5
e 11 13 5
e 12 14 5
e 13 15 5
e 14 15 5
e 15 16 2
e 16 17 3
e 16 18 2
e 17 19 2
e 18 20 2
e 19 21 2
e 21 22 2
t # 52
v 0 7
v 1 2
v 2 2
v 3 2
v 4 2
v 5 2
v 6 2
v 7 2
v 8 2
v 9 2
v 10 2
v 11 2
v 12 2
v 13 2
v 14 2
v 15 2
v 16 2
v 17 2
v 18 2
v 19 2
v 20 2
v 21 2
e 0 1 2
e 0 2 2
e 0 3 2
e 0 4 2
e 1 5 2
e 2 6 5
e 2 7 5
e 3 8 5
e 3 9 5
e 4 10 5
e 4 11 5
e 5 12 2
e 6 13 5
e 7 14 5
e 8 15 5
e 9 16 5
e 10 17 5
e 11 18 5
e 13 19 5
e 14 19 5
e 15 20 5
e 16 20 5
e 17 21 5
e 18 21 5
t # 53
v 0 2
v 1 2
v 2 2
v 3 2
v 4 2
v 5 2
v 6 2
v 7 2
v 8 2
v 9 2
v 10 2
v 11 2
v 12 2
v 13 2
v 14 2
v 15 2
v 16 2
v 17 2
v 18 2
v 19 2
v 20 3
v 21 2
v 22 2
v 23 2
e 0 1 2
e 0 2 2
e 1 3 5
e 1 4 5
e 2 5 5
e 2 6 5
e 3 7 2
e 3 8 5
e 4 9 2
e 4 10 5
e 5 11 5
e 6 12 5
e 10 13 5
e 11 14 2
e 11 15 5
e 12 16 2
e 12 15 5
e 14 17 2
e 14 18 2
e 14 19 2
e 15 20 2
e 16 21 2
e 16 22 2
e 16 23 2
t # 54
v 0 2
v 1 2
v 2 3
v 3 2
v 4 3
v 5 3
v 6 2
v 7 2
v 8 2
v 9 23
v 10 23
v 11 2
v 12 23
v 13 23
v 14 2
v 15 23
v 16 23
v 17 2
v 18 23
v 19 23
v 20 2
v 21 23
v 22 23
v 23 23
v 24 23
e 0 1 2
e 1 2 2
e 2 3 2
e 3 4 2
e 3 5 2
e 5 6 2
e 6 7 2
e 7 8 2
e 7 9 2
e 7 10 2
e 8 11 2
e 8 12 2
e 8 13 2
e 11 14 2
e 11 15 2
e 11 16 2
e 14 17 2
e 14 18 2
e 14 19 2
e 17 20 2
e 17 21 2
e 17 22 2
e 20 23 2
e 20 24 2
t # 55
v 0 2
v 1 5
v 2 2
v 3 3
v 4 2
v 5 5
v 6 2
v 7 2
v 8 2
v 9 3
v 10 3
v 11 2
v 12 3
v 13 2
v 14 5
v 15 2
v 16 2
v 17 2
v 18 2
v 19 2
v 20 3
v 21 2
v 22 2
v 23 2
e 0 1 2
e 1 2 2
e 2 3 3
e 2 4 2
e 4 5 2
e 4 6 2
e 5 7 2
e 6 8 2
e 6 9 2
e 7 10 3
e 9 11 2
e 11 12 3
e 11 13 2
e 13 14 2
e 13 15 2
e 14 16 2
e 14 17 2
e 15 18 5
e 15 19 5
e 17 20 3
e 18 21 5
e 19 22 5
e 21 23 5
e 22 23 5
t # 56
v 0 3
v 1 2
v 2 2
v 3 2
v 4 2
v 5 2
v 6 2
v 7 2
v 8 2
v 9 2
v 10 2
v 11 2
v 12 2
v 13 2
v 14 3
v 15 3
v 16 2
v 17 2
v 18 3
v 19 2
v 20 2
v 21 3
v 22 2
v 23 3
e 0 1 2
e 1 3 5
e 2 4 5
e 2 5 5
e 3 6 5
e 4 7 5
e 4 8 5
e 5 9 2
e 5 10 5
e 6 11 2
e 6 8 5
e 7 12 2
e 7 13 5
e 9 14 3
e 10 15 2
e 10 13 5
e 12 16 2
e 12 17 2
e 13 18 2
e 15 19 2
e 18 20 2
e 19 21 3
e 20 22 2
e 20 23 3
t # 57
v 0 3
v 1 2
v 2 2
v 3 2
v 4 5
v 5 2
v 6 3
v 7 2
v 8 2
v 9 2
v 10 3
v 11 2
v 12 2
v 13 2
v 14 2
v 15 3
v 16 2
v 17 2
v 18 2
v 19 2
v 20 2
v 21 2
v 22 2
e 0 1 3
e 1 2 5
e 1 3 5
e 2 4 5
e 2 5 5
e 3 6 2
e 3 7 5
e 4 8 5
e 4 9 5
e 5 10 5
e 5 11 5
e 7 12 2
e 7 11 5
e 8 13 5
e 9 14 5
e 10 13 5
e 11 15 3
e 12 16 2
e 14 17 5
e 16 18 2
e 18 19 2
e 19 20 2
e 20 21 2
e 21 22 2
t # 58
v 0 6
v 1 2
v 2 5
v 3 5
v 4 2
v 5 5
v 6 2
v 7 2
v 8 2
v 9 2
v 10 2
v 11 5
v 12 5
v 13 2
v 14 2
v 15 2
v 16 2
v 17 5
v 18 2
v 19 2
v 20 2
v 21 5
v 22 2
v 23 5
e 0 1 3
e 1 2 2
e 1 3 2
e 2 4 2
e 3 5 2
e 4 6 2
e 5 7 3
e 6 8 2
e 7 9 2
e 7 10 2
e 8 11 2
e 10 12 3
e 11 13 2
e 11 14 2
e 13 15 2
e 14 16 2
e 15 17 2
e 16 17 2
e 17 18 2
e 18 19 2
e 19 20 2
e 20 21 2
e 21 22 2
e 22 23 2
t # 59
v 0 2
v 1 2
v 2 2
v 3 2
v 4 2
v 5 2
v 6 2
v 7 2
v 8 3
v 9 2
v 10 2
v 11 2
v 12 2
v 13 2
v 14 3
v 15 2
v 16 2
v 17 2
v 18 2
v 19 2
v 20 2
v 21 2
v 22 2
v 23 2
e 0 2 5
e 1 4 5
e 2 5 5
e 2 6 5
e 3 7 5
e 4 5 5
e 6 8 2
e 6 9 5
e 7 10 2
e 7 9 5
e 9 11 5
e 11 12 5
e 11 13 5
e 12 14 2
e 12 15 5
e 13 16 2
e 13 17 5
e 15 18 5
e 15 19 5
e 17 18 5
e 19 21 5
e 20 22 2
e 20 23 5
e 21 23 5
t # 60
v 0 2
v 1 3
v 2 2
v 3 5
v 4 2
v 5 3
v 6 2
v 7 2
v 8 2
v 9 2
v 10 5
v 11 2
v 12 2
v 13 2
v 14 2
v 15 2
v 16 2
v 17 2
v 18 2
v 19 2
v 20 2
v 21 5
v 22 2
e 0 1 2
e 1 2 2
e 2 3 2
e 3 4 2
e 4 5 3
e 4 6 2
e 6 7 2
e 7 9 3
e 8 10 2
e 9 11 2
e 9 12 2
e 10 13 2
e 10 12 2
e 11 15 5
e 12 16 2
e 14 17 5
e 14 18 5
e 15 19 5
e 16 17 2
e 17 20 5
e 18 21 5
e 18 22 5
e 19 22 5
e 20 21 5
t # 61
v 0 2
v 1 5
v 2 2
v 3 2
v 4 3
v 5 5
v 6 3
v 7 2
v 8 2
v 9 2
v 10 2
v 11 2
v 12 2
v 13 2
v 14 2
v 15 2
v 16 2
v 17 2
v 18 2
v 19 2
v 20 2
v 21 2
v 22 2
v 23 2
v 24 2
e 0 1 2
e 1 2 5
e 1 3 5
e 2 4 3
e 2 5 5
e 3 6 3
e 5 7 2
e 5 8 5
e 7 9 2
e 7 10 2
e 7 11 2
e 9 12 5
e 10 13 5
e 10 14 5
e 11 16 5
e 12 17 5
e 14 19 5
e 15 20 5
e 16 21 5
e 17 22 5
e 18 23 5
e 19 23 5
e 20 24 5
e 21 24 5
t # 62
v 0 6
v 1 3
v 2 2
v 3 2
v 4 2
v 5 2
v 6 2
v 7 2
v 8 2
v 9 2
v 10 2
v 11 2
v 12 2
v 13 2
v 14 5
v 15 5
v 16 2
v 17 2
v 18 3
v 19 5
v 20 23
v 21 23
v 22 2
e 0 1 3
e 0 2 2
e 0 3 2
e 2 4 5
e 2 5 5
e 3 6 5
e 3 7 5
e 4 8 5
e 5 9 5
e 6 10 5
e 7 11 5
e 8 12 5
e 9 12 5
e 10 13 5
e 11 13 5
e 12 14 2
e 13 15 2
e 14 16 2
e 16 17 2
e 16 18 3
e 17 19 2
e 17 20 2
e 17 21 2
e 19 22 2
t # 63
v 0 2
v 1 2
v 2 2
v 3 2
v 4 2
v 5 2
v 6 2
v 7 5
v 8 3
v 9 2
v 10 3
v 11 2
v 12 2
v 13 2
v 14 2
v 15 2
v 16 2
v 17 2
v 18 2
v 19 3
v 20 2
v 21 2
v 22 2
v 23 3
e 0 1 5
e 0 2 5
e 1 3 5
e 2 4 5
e 3 5 5
e 3 6 5
e 4 7 2
e 4 5 5
e 5 8 2
e 7 9 2
e 9 10 3
e 9 11 2
e 11 12 2
e 11 13 3
e 13 14 2
e 14 15 3
e 15 16 2
e 16 17 2
e 16 18 2
e 18 19 2
e 18 20 2
e 20 22 2
e 20 21 2
e 21 23 2
t # 64
v 0 2
v 1 2
v 2 5
v 3 2
v 4 2
v 5 2
v 6 2
v 7 2
v 8 2
v 9 2
v 10 5
v 11 2
v 12 2
v 13 2
v 14 2
v 15 2
v 16 2
v 17 2
v 18 2
v 19 3
v 20 3
v 21 2
v 22 2
e 0 1 2
e 1 2 2
e 2 3 2
e 3 4 5
e 3 5 5
e 4 6 2
e 4 7 5
e 6 8 2
e 8 9 2
e 8 10 2
e 9 11 5
e 9 12 5
e 10 13 2
e 10 14 2
e 11 15 5
e 11 16 2
e 12 17 5
e 14 16 2
e 15 18 5
e 17 19 2
e 17 18 5
e 18 20 2
e 19 21 2
e 20 22 2
t # 65
v 0 5
v 1 2
v 2 2
v 3 2
v 4 2
v 5 2
v 6 2
v 7 2
v 8 2
v 9 2
v 10 2
v 11 2
v 12 2
v 13 2
v 14 2
v 15 3
v 16 2
v 17 2
v 18 2
v 19 2
v 20 3
v 21 3
v 22 3
e 0 1 2
e 0 2 2
e 1 3 5
e 1 4 5
e 2 5 5
e 3 6 5
e 3 7 5
e 4 8 2
e 4 9 5
e 6 10 5
e 6 11 5
e 7 12 2
e 7 13 5
e 9 14 5
e 9 10 5
e 10 15 2
e 11 16 2
e 11 17 5
e 12 18 2
e 12 19 2
e 13 20 2
e 13 17 5
e 16 21 3
e 17 22 2
t # 66
v 0 3
v 1 2
v 2 2
v 3 2
v 4 3
v 5 2
v 6 2
v 7 5
v 8 2
v 9 2
v 10 2
v 11 2
v 12 2
v 13 3
v 14 5
v 15 5
v 16 2
v 17 3
v 18 3
v 19 2
v 20 3
v 21 2
v 22 3
v 23 5
e 0 1 2
e 0 2 2
e 1 3 2
e 1 4 3
e 2 5 5
e 2 6 5
e 3 7 2
e 5 8 5
e 6 9 5
e 7 10 2
e 8 11 5
e 9 11 5
e 10 12 2
e 10 13 3
e 11 14 2
e 12 15 2
e 12 16 2
e 14 17 3
e 14 18 2
e 15 19 2
e 16 20 2
e 19 21 2
e 19 22 3
e 21 23 2
t # 67
v 0 2
v 1 3
v 2 2
v 3 2
v 4 3
v 5 5
v 6 2
v 7 2
v 8 2
v 9 2
v 10 2
v 11 3
v 12 3
v 13 2
v 14 2
v 15 2
v 16 2
v 17 2
v 18 3
v 19 5
v 20 2
v 21 2
v 22 2
v 23 2
v 24 2
e 0 1 2
e 1 2 2
e 2 3 2
e 3 4 3
e 3 5 2
e 5 6 2
e 6 7 2
e 6 8 2
e 7 9 2
e 7 10 2
e 8 11 3
e 8 12 2
e 12 13 2
e 13 14 2
e 13 15 2
e 14 16 2
e 14 17 2
e 15 18 3
e 15 19 2
e 19 20 2
e 20 21 2
e 20 22 2
e 21 23 2
e 21 24 2
t # 68
v 0 8
v 1 27
v 2 5
v 3 5
v 4 5
v 5 5
v 6 2
v 7 2
v 8 2
v 9 2
v 10 2
v 11 2
v 12 2
v 13 2
v 14 2
v 15 2
v 16 2
v 17 2
v 18 2
v 19 2
v 20 2
v 21 2
v 22 2
v 23 2
e 0 1 2
e 1 3 2
e 1 4 2
e 1 5 2
e 2 6 5
e 2 7 5
e 3 8 5
e 4 10 5
e 5 11 5
e 7 12 5
e 8 14 5
e 9 15 5
e 9 12 5
e 10 16 5
e 10 17 5
e 11 18 2
e 11 16 5
e 13 14 5
e 14 20 2
e 15 21 2
e 15 17 5
e 17 22 2
e 18 19 3
e 21 23 3
t # 69
v 0 7
v 1 2
v 2 2
v 3 2
v 4 2
v 5 2
v 6 2
v 7 2
v 8 2
v 9 2
v 10 2
v 11 2
v 12 2
v 13 2
v 14 2
v 15 2
v 16 2
v 17 2
v 18 2
v 19 3
v 20 2
v 21 2
v 22 2
e 0 1 2
e 0 2 2
e 0 3 2
e 0 4 2
e 1 5 2
e 2 6 5
e 2 7 5
e 3 8 5
e 3 9 5
e 4 10 5
e 4 11 5
e 5 12 2
e 6 13 5
e 7 14 5
e 8 15 5
e 9 16 5
e 10 17 5
e 11 18 5
e 12 19 2
e 13 20 5
e 14 20 5
e 16 21 5
e 17 22 5
e 18 22 5
t # 70
v 0 2
v 1 2
v 2 3
v 3 2
v 4 2
v 5 3
v 6 2
v 7 3
v 8 5
v 9 2
v 10 2
v 11 2
v 12 2
v 13 3
v 14 2
v 15 2
v 16 2
v 17 2
v 18 2
v 19 2
v 20 2
v 21 2
v 22 2
e 0 2 2
e 0 1 2
e 2 3 2
e 3 4 2
e 3 5 3
e 4 6 2
e 4 7 2
e 6 8 2
e 6 9 2
e 8 10 2
e 9 11 5
e 9 12 5
e 10 13 3
e 10 14 2
e 11 15 5
e 12 16 5
e 14 17 5
e 14 18 5
e 15 19 5
e 16 19 5
e 17 20 5
e 18 21 5
e 20 22 5
e 21 22 5
t # 71
v 0 7
v 1 2
v 2 2
v 3 2
v 4 2
v 5 2
v 6 2
v 7 2
v 8 2
v 9 2
v 10 2
v 11 2
v 12 2
v 13 2
v 14 2
v 15 2
v 16 2
v 17 2
v 18 2
v 19 2
v 20 2
v 21 2
v 22 2
v 23 7
e 0 1 2
e 0 2 2
e 0 3 2
e 0 4 2
e 1 5 2
e 2 6 5
e 2 7 5
e 3 8 5
e 3 9 5
e 4 10 5
e 5 11 5
e 5 12 5
e 6 13 5
e 7 14 5
e 8 15 5
e 9 16 5
e 11 17 5
e 13 19 5
e 14 19 5
e 15 20 5
e 17 21 2
e 17 22 5
e 18 22 5
e 21 23 2
t # 72
v 0 2
v 1 2
v 2 5
v 3 5
v 4 5
v 5 3
v 6 2
v 7 2
v 8 2
v 9 2
v 10 2
v 11 2
v 12 2
v 13 2
v 14 2
v 15 6
v 16 5
v 17 3
v 18 3
v 19 2
v 20 2
v 21 2
v 22 2
v 23 2
e 0 1 2
e 0 2 2
e 0 3 2
e 1 4 2
e 1 5 3
e 2 6 2
e 3 7 2
e 3 8 2
e 4 9 2
e 9 10 5
e 9 11 5
e 10 12 5
e 11 13 5
e 12 14 5
e 13 14 5
e 14 15 2
e 15 16 2
e 15 17 3
e 15 18 3
e 16 19 2
e 19 20 5
e 19 21 5
e 20 22 5
e 22 23 5
t # 73
v 0 2
v 1 5
v 2 3
v 3 2
v 4 2
v 5 2
v 6 2
v 7 2
v 8 2
v 9 5
v 10 2
v 11 5
v 12 3
v 13 3
v 14 2
v 15 3
v 16 2
v 17 2
v 18 2
v 19 2
v 20 2
v 21 2
v 22 2
v 23 3
e 0 1 2
e 0 2 3
e 0 3 2
e 1 4 2
e 3 5 5
e 3 6 5
e 4 7 2
e 4 8 2
e 5 9 2
e 6 10 5
e 6 11 5
e 7 12 2
e 7 13 3
e 8 14 2
e 10 15 5
e 11 16 5
e 12 17 2
e 14 18 2
e 14 19 2
e 15 20 5
e 16 21 2
e 16 20 5
e 17 22 2
e 20 23 3
t # 74
v 0 3
v 1 2
v 2 2
v 3 2
v 4 2
v 5 2
v 6 2
v 7 3
v 8 3
v 9 2
v 10 2
v 11 2
v 12 2
v 13 2
v 14 2
v 15 2
v 16 2
v 17 3
v 18 2
v 19 5
v 20 3
v 21 2
v 22 2
v 23 2
e 0 1 3
e 1 2 2
e 1 3 2
e 2 4 5
e 2 5 5
e 3 6 2
e 3 7 2
e 3 8 2
e 4 10 5
e 5 11 5
e 5 7 2
e 8 12 2
e 9 13 5
e 9 14 5
e 11 14 5
e 12 15 3
e 13 16 5
e 14 17 2
e 15 18 2
e 16 19 2
e 18 20 2
e 18 21 2
e 20 22 2
e 21 23 2
t # 75
v 0 2
v 1 2
v 2 2
v 3 2
v 4 2
v 5 2
v 6 2
v 7 2
v 8 2
v 9 2
v 10 2
v 11 2
v 12 2
v 13 2
v 14 2
v 15 2
v 16 2
v 17 2
v 18 2
v 19 2
v 20 2
v 21 2
v 22 2
v 23 2
v 24 2
e 0 1 2
e 1 2 3
e 2 3 2
e 2 4 2
e 3 5 2
e 5 6 2
e 6 7 3
e 7 8 2
e 7 9 2
e 8 10 2
e 10 11 2
e 11 12 3
e 12 13 2
e 12 14 2
e 13 15 2
e 15 16 2
e 16 17 3
e 17 18 2
e 17 19 2
e 18 20 2
e 20 21 2
e 21 22 3
e 22 23 2
e 22 24 2
t # 76
v 0 3
v 1 2
v 2 2
v 3 2
v 4 2
v 5 2
v 6 2
v 7 2
v 8 2
v 9 2
v 10 2
v 11 2
v 12 5
v 13 3
v 14 2
v 15 3
v 16 2
v 17 3
v 18 3
v 19 2
v 20 2
v 21 3
e 0 1 2
e 1 2 5
e 1 3 5
e 2 4 5
e 2 5 5
e 3 6 2
e 3 7 5
e 4 8 5
e 4 9 2
e 5 10 5
e 5 11 5
e 7 12 2
e 7 10 5
e 8 13 2
e 8 14 5
e 9 15 3
e 9 16 2
e 10 17 2
e 11 18 2
e 11 14 5
e 13 16 2
e 14 19 2
e 16 20 2
e 16 21 2
t # 77
v 0 3
v 1 2
v 2 2
v 3 2
v 4 2
v 5 2
v 6 2
v 7 2
v 8 2
v 9 2
v 10 2
v 11 2
v 12 5
v 13 5
v 14 2
v 15 3
v 16 2
v 17 3
v 18 3
v 19 5
v 20 2
v 21 2
v 22 2
v 23 5
e 0 1 2
e 1 2 5
e 1 3 5
e 2 4 5
e 2 5 5
e 3 6 2
e 3 7 5
e 4 8 5
e 4 9 2
e 5 10 5
e 5 11 5
e 6 12 3
e 7 13 2
e 7 10 5
e 9 15 3
e 9 16 2
e 10 17 2
e 11 18 2
e 11 14 5
e 12 19 2
e 19 20 2
e 19 21 2
e 20 22 2
e 22 23 2
t # 78
v 0 2
v 1 2
v 2 2
v 3 2
v 4 2
v 5 3
v 6 2
v 7 3
v 8 2
v 9 2
v 10 2
v 11 3
v 12 2
v 13 2
v 14 2
v 15 3
v 16 2
v 17 2
v 18 2
v 19 2
v 20 3
v 21 2
v 22 2
v 23 3
e 0 1 5
e 0 2 5
e 1 3 5
e 1 4 2
e 3 5 2
e 3 6 5
e 4 7 3
e 4 8 2
e 5 8 2
e 6 9 2
e 8 10 2
e 8 11 2
e 11 12 2
e 12 13 3
e 13 14 2
e 14 15 2
e 14 16 2
e 15 17 2
e 16 18 2
e 16 19 2
e 19 20 2
e 19 21 2
e 20 22 2
e 22 23 3
t # 79
v 0 3
v 1 2
v 2 2
v 3 2
v 4 2
v 5 2
v 6 2
v 7 2
v 8 2
v 9 2
v 10 2
v 11 5
v 12 3
v 13 2
v 14 3
v 15 2
v 16 2
v 17 2
v 18 2
v 19 3
v 20 3
v 21 2
v 22 2
e 0 1 2
e 1 2 5
e 1 3 5
e 2 4 5
e 2 5 5
e 3 6 5
e 4 7 5
e 4 8 2
e 5 9 5
e 5 10 5
e 6 11 2
e 6 9 5
e 7 12 2
e 7 13 5
e 8 14 3
e 10 13 5
e 11 16 2
e 12 15 2
e 13 17 2
e 15 18 2
e 15 19 2
e 16 20 3
e 16 21 2
e 19 22 2
t # 80
v 0 3
v 1 2
v 2 2
v 3 2
v 4 2
v 5 2
v 6 2
v 7 2
v 8 2
v 9 2
v 10 2
v 11 5
v 12 3
v 13 2
v 14 3
v 15 2
v 16 3
v 17 3
v 18 2
v 19 2
v 20 2
v 21 3
v 22 2
v 23 2
e 0 1 2
e 1 2 5
e 1 3 5
e 2 4 5
e 2 5 5
e 3 6 5
e 4 7 5
e 4 8 2
e 6 11 2
e 6 9 5
e 7 12 2
e 7 13 5
e 8 14 3
e 8 15 2
e 9 16 2
e 10 17 2
e 10 13 5
e 11 18 2
e 12 15 2
e 13 19 2
e 15 20 2
e 15 21 2
e 21 22 2
e 22 23 3
t # 81
v 0 3
v 1 2
v 2 2
v 3 2
v 4 2
v 5 2
v 6 5
v 7 3
v 8 2
v 9 2
v 10 2
v 11 2
v 12 2
v 13 2
v 14 2
v 15 2
v 16 2
v 17 3
v 18 2
v 19 2
v 20 2
v 21 2
v 22 2
v 23 2
e 0 1 2
e 0 2 2
e 1 3 2
e 2 4 5
e 2 5 5
e 3 6 2
e 3 7 3
e 4 8 5
e 4 9 5
e 6 10 2
e 6 11 2
e 8 12 2
e 9 13 5
e 11 14 2
e 11 15 2
e 12 17 3
e 12 18 2
e 13 16 5
e 14 19 2
e 15 20 2
e 16 21 2
e 18 22 2
e 19 23 2
e 20 23 2
t # 82
v 0 3
v 1 2
v 2 2
v 3 2
v 4 2
v 5 5
v 6 2
v 7 3
v 8 2
v 9 2
v 10 2
v 11 2
v 12 2
v 13 2
v 14 2
v 15 2
v 16 2
v 17 3
v 18 2
v 19 3
v 20 2
v 21 2
v 22 2
v 23 2
v 24 3
e 0 1 2
e 1 2 5
e 2 3 5
e 3 5 2
e 3 4 5
e 5 6 2
e 6 7 3
e 6 8 2
e 8 9 2
e 8 10 3
e 10 11 2
e 11 12 3
e 12 13 2
e 13 15 2
e 13 16 2
e 14 17 2
e 14 18 2
e 16 19 2
e 16 20 2
e 17 21 2
e 18 22 2
e 18 23 2
e 20 23 2
e 23 24 2
t # 83
v 0 2
v 1 2
v 2 2
v 3 2
v 4 2
v 5 2
v 6 2
v 7 2
v 8 2
v 9 2
v 10 5
v 11 3
v 12 2
v 13 3
v 14 2
v 15 3
v 16 3
v 17 2
v 18 2
v 19 2
v 20 3
v 21 3
v 22 2
e 0 2 5
e 1 3 5
e 1 4 5
e 2 5 5
e 3 6 5
e 3 7 2
e 4 8 5
e 4 9 5
e 5 10 2
e 5 8 5
e 6 11 2
e 6 12 5
e 7 13 3
e 7 14 2
e 8 15 2
e 9 16 2
e 9 12 5
e 10 17 2
e 11 14 2
e 12 18 2
e 14 19 2
e 14 20 2
e 17 21 3
e 20 22 2
t # 84
v 0 2
v 1 2
v 2 2
v 3 2
v 4 2
v 5 2
v 6 2
v 7 2
v 8 5
v 9 2
v 10 3
v 11 3
v 12 2
v 13 3
v 14 2
v 15 2
v 16 2
v 17 2
v 18 2
v 19 2
v 20 2
v 21 2
v 22 2
v 23 2
e 0 1 5
e 0 2 5
e 1 3 5
e 1 4 5
e 2 5 5
e 4 6 5
e 4 7 5
e 5 8 2
e 5 6 5
e 6 10 2
e 7 11 2
e 7 9 5
e 8 12 2
e 12 13 3
e 12 14 2
e 14 15 2
e 14 16 3
e 16 17 2
e 17 18 3
e 18 19 2
e 19 20 2
e 19 21 2
e 21 22 2
e 22 23 2
t # 85
v 0 3
v 1 2
v 2 2
v 3 2
v 4 2
v 5 2
v 6 5
v 7 3
v 8 2
v 9 2
v 10 2
v 11 2
v 12 2
v 13 2
v 14 2
v 15 2
v 16 2
v 17 3
v 18 2
v 19 3
v 20 3
v 21 2
v 22 2
v 23 2
v 24 2
e 0 1 2
e 0 2 2
e 1 3 2
e 2 4 5
e 2 5 5
e 3 6 2
e 3 7 3
e 4 8 5
e 4 9 5
e 5 10 5
e 6 11 2
e 6 12 2
e 8 13 5
e 8 14 2
e 10 15 5
e 11 16 2
e 14 17 3
e 14 18 2
e 16 19 2
e 16 20 3
e 19 21 2
e 21 22 2
e 21 23 2
e 21 24 2
t # 86
v 0 3
v 1 2
v 2 2
v 3 2
v 4 2
v 5 2
v 6 3
v 7 5
v 8 2
v 9 2
v 10 2
v 11 2
v 12 2
v 13 2
v 14 2
v 15 2
v 16 5
v 17 2
v 18 2
v 19 2
v 20 2
v 21 2
v 22 3
v 23 2
e 0 1 2
e 0 2 2
e 1 3 2
e 2 4 5
e 2 5 5
e 3 6 3
e 3 7 2
e 4 8 5
e 4 9 5
e 5 10 5
e 7 11 2
e 7 12 2
e 8 13 5
e 8 14 2
e 9 15 5
e 10 16 2
e 11 17 2
e 11 18 2
e 12 19 2
e 12 20 2
e 14 21 2
e 15 22 2
e 18 20 2
e 21 23 2
t # 87
v 0 3
v 1 2
v 2 2
v 3 2
v 4 2
v 5 2
v 6 2
v 7 2
v 8 2
v 9 2
v 10 2
v 11 3
v 12 2
v 13 2
v 14 3
v 15 3
v 16 2
v 17 2
v 18 3
v 19 2
v 20 2
v 21 2
v 22 3
e 0 1 2
e 1 2 5
e 1 3 5
e 2 4 5
e 2 5 5
e 3 6 5
e 4 7 5
e 4 8 2
e 5 9 5
e 6 9 5
e 7 11 2
e 7 12 5
e 8 13 2
e 9 14 2
e 10 15 2
e 10 12 5
e 11 13 2
e 12 16 2
e 13 17 2
e 13 18 2
e 18 19 2
e 19 20 3
e 20 21 2
e 21 22 2
t # 88
v 0 3
v 1 2
v 2 2
v 3 2
v 4 2
v 5 2
v 6 2
v 7 2
v 8 2
v 9 2
v 10 2
v 11 2
v 12 5
v 13 3
v 14 2
v 15 3
v 16 2
v 17 3
v 18 3
v 19 2
v 20 2
v 21 3
v 22 2
e 0 1 2
e 1 2 5
e 1 3 5
e 2 4 5
e 2 5 5
e 3 6 2
e 3 7 5
e 4 8 5
e 4 9 2
e 5 10 5
e 5 11 5
e 6 12 3
e 7 10 5
e 8 13 2
e 8 14 5
e 9 15 3
e 9 16 2
e 11 17 2
e 12 18 2
e 13 16 2
e 14 19 2
e 16 20 2
e 16 21 2
e 21 22 2
t # 89
v 0 3
v 1 2
v 2 2
v 3 2
v 4 2
v 5 2
v 6 2
v 7 2
v 8 2
v 9 2
v 10 2
v 11 5
v 12 5
v 13 2
v 14 3
v 15 2
v 16 3
v 17 3
v 18 2
v 19 2
v 20 2
v 21 3
v 22 3
v 23 2
v 24 2
e 0 1 2
e 1 2 5
e 2 4 5
e 2 5 5
e 3 6 2
e 3 7 5
e 4 8 2
e 5 9 5
e 5 10 5
e 6 11 3
e 7 12 2
e 7 9 5
e 8 14 3
e 8 15 2
e 9 16 2
e 10 17 2
e 10 13 5
e 12 18 2
e 13 19 2
e 15 20 2
e 15 21 2
e 18 22 3
e 18 23 2
e 23 24 2
t # 90
v 0 2
v 1 2
v 2 3
v 3 3
v 4 2
v 5 2
v 6 3
v 7 2
v 8 2
v 9 2
v 10 3
v 11 2
v 12 2
v 13 2
v 14 2
v 15 2
v 16 3
v 17 2
v 18 2
v 19 2
v 20 2
v 21 2
v 22 2
v 23 2
v 24 3
e 0 1 2
e 1 3 3
e 1 4 2
e 2 4 2
e 4 5 2
e 4 6 2
e 6 7 2
e 7 8 3
e 8 9 2
e 9 10 2
e 9 11 2
e 10 12 2
e 11 13 2
e 11 14 2
e 14 16 2
e 14 17 2
e 15 18 2
e 16 19 2
e 17 20 2
e 17 21 2
e 18 22 2
e 18 21 2
e 19 23 2
e 21 24 2
t # 91
v 0 3
v 1 2
v 2 2
v 3 2
v 4 2
v 5 2
v 6 2
v 7 2
v 8 2
v 9 2
v 10 2
v 11 2
v 12 5
v 13 5
v 14 3
v 15 2
v 16 3
v 17 3
v 18 3
v 19 5
v 20 2
v 21 2
v 22 2
v 23 3
v 24 2
e 0 1 2
e 1 3 5
e 2 4 5
e 3 6 2
e 3 7 5
e 4 8 5
e 4 9 2
e 5 10 5
e 5 11 5
e 6 12 3
e 7 13 2
e 7 10 5
e 8 14 2
e 8 15 5
e 9 16 3
e 10 17 2
e 11 18 2
e 11 15 5
e 12 19 2
e 13 20 2
e 15 21 2
e 19 22 2
e 20 23 3
e 20 24 2
t # 92
v 0 3
v 1 2
v 2 2
v 3 2
v 4 2
v 5 2
v 6 2
v 7 2
v 8 2
v 9 5
v 10 5
v 11 3
v 12 3
v 13 2
v 14 2
v 15 2
v 16 2
v 17 2
v 18 2
v 19 2
v 20 2
v 21 2
v 22 2
e 0 1 2
e 1 3 5
e 2 4 5
e 3 5 2
e 3 6 5
e 4 7 5
e 4 8 5
e 5 9 3
e 6 10 2
e 6 7 5
e 7 11 2
e 8 12 2
e 9 13 2
e 13 14 5
e 13 15 5
e 14 16 5
e 15 17 5
e 16 18 5
e 16 19 5
e 17 18 5
e 18 20 5
e 19 21 5
e 20 22 5
e 21 22 5
t # 93
v 0 2
v 1 2
v 2 2
v 3 2
v 4 2
v 5 5
v 6 5
v 7 2
v 8 2
v 9 3
v 10 2
v 11 2
v 12 2
v 13 2
v 14 2
v 15 2
v 16 2
v 17 2
v 18 2
v 19 3
v 20 2
v 21 2
v 22 2
v 23 2
v 24 3
e 0 1 5
e 1 2 2
e 1 3 5
e 2 5 3
e 3 6 2
e 3 4 5
e 5 7 2
e 6 8 2
e 8 9 3
e 8 10 2
e 10 11 2
e 10 12 3
e 12 13 2
e 13 14 3
e 14 15 2
e 15 16 2
e 15 17 2
e 17 19 2
e 17 20 2
e 18 21 2
e 18 22 2
e 20 23 2
e 20 22 2
e 22 24 2
t # 94
v 0 3
v 1 2
v 2 2
v 3 2
v 4 2
v 5 2
v 6 2
v 7 2
v 8 2
v 9 2
v 10 5
v 11 5
v 12 2
v 13 3
v 14 2
v 15 2
v 16 2
v 17 2
v 18 2
v 19 2
v 20 2
v 21 2
v 22 2
e 0 1 2
e 1 2 5
e 1 3 5
e 2 4 5
e 3 5 2
e 3 6 5
e 4 8 5
e 4 9 5
e 5 10 3
e 6 11 2
e 6 8 5
e 7 12 5
e 8 13 2
e 9 12 5
e 10 14 2
e 11 15 2
e 14 16 5
e 14 17 5
e 15 18 2
e 16 19 5
e 17 20 5
e 19 21 2
e 19 22 5
e 20 22 5
t # 95
v 0 2
v 1 2
v 2 2
v 3 2
v 4 2
v 5 2
v 6 2
v 7 2
v 8 2
v 9 5
v 10 5
v 11 3
v 12 3
v 13 5
v 14 2
v 15 3
v 16 2
v 17 2
v 18 2
v 19 2
v 20 2
v 21 2
v 22 2
v 23 2
v 24 2
e 0 1 5
e 0 2 5
e 1 3 5
e 2 5 2
e 2 6 5
e 4 7 5
e 4 8 5
e 5 9 3
e 6 10 2
e 6 7 5
e 7 11 2
e 8 12 2
e 9 13 2
e 10 14 2
e 14 15 3
e 14 16 2
e 16 17 2
e 16 18 3
e 18 19 2
e 19 20 3
e 20 21 2
e 21 22 2
e 21 23 2
e 23 24 2
t # 96
v 0 3
v 1 2
v 2 2
v 3 2
v 4 2
v 5 2
v 6 2
v 7 2
v 8 2
v 9 2
v 10 5
v 11 5
v 12 3
v 13 3
v 14 2
v 15 2
v 16 3
v 17 2
v 18 2
v 19 2
v 20 2
v 21 2
v 22 2
v 23 2
e 0 1 2
e 1 2 5
e 1 3 5
e 2 4 5
e 2 5 5
e 3 6 2
e 3 7 5
e 5 8 5
e 5 9 5
e 6 10 3
e 7 11 2
e 7 8 5
e 8 12 2
e 10 13 2
e 11 14 2
e 13 15 2
e 14 16 3
e 14 17 2
e 17 18 2
e 17 19 3
e 19 20 2
e 20 21 3
e 21 22 2
e 22 23 2
t # 97
v 0 3
v 1 2
v 2 2
v 3 2
v 4 2
v 5 2
v 6 2
v 7 2
v 8 2
v 9 2
v 10 2
v 11 2
v 12 5
v 13 3
v 14 2
v 15 3
v 16 2
v 17 3
v 18 3
v 19 2
v 20 3
v 21 2
v 22 2
e 0 1 2
e 1 2 5
e 1 3 5
e 2 4 5
e 2 5 5
e 3 6 2
e 3 7 5
e 4 8 5
e 4 9 2
e 5 10 5
e 5 11 5
e 6 12 3
e 8 13 2
e 8 14 5
e 9 15 3
e 9 16 2
e 11 17 2
e 11 14 5
e 12 18 2
e 13 16 2
e 16 19 2
e 16 20 2
e 18 21 2
e 20 22 2
t # 98
v 0 2
v 1 2
v 2 2
v 3 2
v 4 2
v 5 2
v 6 5
v 7 5
v 8 3
v 9 3
v 10 2
v 11 2
v 12 2
v 13 2
v 14 2
v 15 2
v 16 2
v 17 2
v 18 2
v 19 2
v 20 2
v 21 2
v 22 2
e 0 1 5
e 1 3 2
e 1 4 5
e 2 5 5
e 3 6 3
e 4 7 2
e 4 5 5
e 5 8 2
e 6 9 2
e 9 10 2
e 10 11 2
e 10 12 2
e 11 13 5
e 11 14 5
e 12 15 5
e 12 16 5
e 13 17 5
e 14 18 5
e 15 19 5
e 16 20 5
e 17 21 5
e 18 21 5
e 19 22 5
e 20 22 5
t # 99
v 0 3
v 1 2
v 2 2
v 3 2
v 4 2
v 5 2
v 6 2
v 7 2
v 8 2
v 9 2
v 10 2
v 11 5
v 12 5
v 13 3
v 14 2
v 15 3
v 16 3
v 17 3
v 18 2
v 19 2
v 20 3
v 21 2
v 22 2
e 0 1 2
e 1 2 5
e 1 3 5
e 2 4 5
e 2 5 5
e 3 6 2
e 3 7 5
e 4 8 5
e 5 9 5
e 5 10 5
e 6 11 3
e 7 12 2
e 7 9 5
e 8 13 2
e 8 14 5
e 9 15 2
e 10 16 2
e 10 14 5
e 11 17 2
e 12 18 2
e 17 19 2
e 18 20 3
e 18 21 2
e 21 22 2
t # -1